1657381378186 0.10151775486827033 0
1657381432689 0.1079610538373425 0
1657381487423 0.1145475372279496 0
1657381643573 0.11368843069873998 0
1657381715889 0.11970217640320734 0
1657381769777 0.12643184421534936 0
1657381818683 0.15063001145475372 0
1657381867140 0.18341924398625428 0
1657381917335 0.18542382588774342 0
1657381965714 0.19158075601374572 0
1657382014968 0.18828751431844215 0
1657382074291 0.19301260022909508 0
1657382131353 0.19215349369988546 0
1657382188890 0.1922966781214204 0
1657382238240 0.19687857961053837 0
1657382287121 0.1965922107674685 0
1657382338251 0.19516036655211913 0
1657382389594 0.19687857961053837 0
1657382442339 0.19573310423825888 0
1657382519493 0.19931271477663232 0
