1657381378181 -0.09960029592568224 0
1657381432684 -0.10067174366929314 0
1657381487415 -0.10270936983552846 0
1657381643562 -0.10547810041091658 0
1657381715883 -0.10870976048437032 0
1657381769770 -0.11167288422584534 0
1657381818678 -0.11690416898239743 0
1657381867136 -0.12672289684414864 0
1657381917328 -0.13412049629471517 0
1657381965710 -0.14296122017231855 0
1657382014961 -0.14705008322542365 0
1657382074286 -0.15362043157219887 0
1657382131344 -0.15750447755510158 0
1657382188884 -0.16051016009666702 0
1657382238236 -0.16349456262859433 0
1657382287114 -0.16770680546760558 0
1657382338246 -0.16551226275888356 0
1657382389590 -0.16812519221143288 0
1657382442335 -0.16736146516420625 0
1657382519484 -0.16729397882114758 0
